36	25	15																
118.824
0.042556
0.032735
1E+050
0.1736
0.1389
0.9
33
25000
25000
25000
25000
25000
25000
25000
25000
25000
25000
25000
25000
25000
25000
25000
25000
25000
25000
25000
25000
25000
25000
25000
25000
25000
25000
25000
25000
25000
25000
25000
25000
25000
25000
25000
25000
12000	6000000	107000000	12000	6000000	107000000	12000	6000000	107000000	12000	6000000	107000000	12000	6000000	107000000
29.2199	8.5201	4.34256	32.5048	9.7224	3.5884	38.2905	12.2471	6.5628	87.5716	25.5347	13.01456	35.5165	10.203	4.8232
1.9203	0.588	0.5283	0.8331	0.2562	0.187	1.8901	0.5787	0.52	4.2	1.0642	0.6872	0.811	0.231	0.132
0.0457	0.1321	0.414	0.0457	0.1321	0.414	0.8321	0.9246	0.9246	0.8321	0.9246	0.9246	0.0457	0.132	0.414
3.3	1.08	0.39	1.75	1.33	1.25	3.29	2.87	2.79	3.83	2.91	2.84	2.012	1.549	1.322
0.707106781186548	1.58113883008419	2.54950975679639	3.53553390593274	4.52769256906871	1.58113883008419	2.12132034355964	2.91547594742265	3.80788655293195	4.74341649025257	2.54950975679639	2.91547594742265	3.53553390593274	4.30116263352131	5.1478150704935	3.53553390593274	3.80788655293195	4.30116263352131	4.94974746830583	5.70087712549569	4.52769256906871	4.74341649025257	5.1478150704935	5.70087712549569	6.36396103067893
0.707106781186548	0.707106781186548	1.58113883008419	2.54950975679639	3.53553390593274	1.58113883008419	1.58113883008419	2.12132034355964	2.91547594742265	3.80788655293195	2.54950975679639	2.54950975679639	2.91547594742265	3.53553390593274	4.30116263352131	3.53553390593274	3.53553390593274	3.80788655293195	4.30116263352131	4.94974746830583	4.52769256906871	4.52769256906871	4.74341649025257	5.1478150704935	5.70087712549569
1.58113883008419	0.707106781186548	0.707106781186548	1.58113883008419	2.54950975679639	2.12132034355964	1.58113883008419	1.58113883008419	2.12132034355964	2.91547594742265	2.91547594742265	2.54950975679639	2.54950975679639	2.91547594742265	3.53553390593274	3.80788655293195	3.53553390593274	3.53553390593274	3.80788655293195	4.30116263352131	4.74341649025257	4.52769256906871	4.52769256906871	4.74341649025257	5.1478150704935
2.54950975679639	1.58113883008419	0.707106781186548	0.707106781186548	1.58113883008419	2.91547594742265	2.12132034355964	1.58113883008419	1.58113883008419	2.12132034355964	3.53553390593274	2.91547594742265	2.54950975679639	2.54950975679639	2.91547594742265	4.30116263352131	3.80788655293195	3.53553390593274	3.53553390593274	3.80788655293195	5.1478150704935	4.74341649025257	4.52769256906871	4.52769256906871	4.74341649025257
3.53553390593274	2.54950975679639	1.58113883008419	0.707106781186548	0.707106781186548	3.80788655293195	2.91547594742265	2.12132034355964	1.58113883008419	1.58113883008419	4.30116263352131	3.53553390593274	2.91547594742265	2.54950975679639	2.54950975679639	4.94974746830583	4.30116263352131	3.80788655293195	3.53553390593274	3.53553390593274	5.70087712549569	5.1478150704935	4.74341649025257	4.52769256906871	4.52769256906871
4.52769256906871	3.53553390593274	2.54950975679639	1.58113883008419	0.707106781186548	4.74341649025257	3.80788655293195	2.91547594742265	2.12132034355964	1.58113883008419	5.1478150704935	4.30116263352131	3.53553390593274	2.91547594742265	2.54950975679639	5.70087712549569	4.94974746830583	4.30116263352131	3.80788655293195	3.53553390593274	6.36396103067893	5.70087712549569	5.1478150704935	4.74341649025257	4.52769256906871
0.707106781186548	1.58113883008419	2.54950975679639	3.53553390593274	4.52769256906871	0.707106781186548	1.58113883008419	2.54950975679639	3.53553390593274	4.52769256906871	1.58113883008419	2.12132034355964	2.91547594742265	3.80788655293195	4.74341649025257	2.54950975679639	2.91547594742265	3.53553390593274	4.30116263352131	5.1478150704935	3.53553390593274	3.80788655293195	4.30116263352131	4.94974746830583	5.70087712549569
0.707106781186548	0.707106781186548	1.58113883008419	2.54950975679639	3.53553390593274	0.707106781186548	0.707106781186548	1.58113883008419	2.54950975679639	3.53553390593274	1.58113883008419	1.58113883008419	2.12132034355964	2.91547594742265	3.80788655293195	2.54950975679639	2.54950975679639	2.91547594742265	3.53553390593274	4.30116263352131	3.53553390593274	3.53553390593274	3.80788655293195	4.30116263352131	4.94974746830583
1.58113883008419	0.707106781186548	0.707106781186548	1.58113883008419	2.54950975679639	1.58113883008419	0.707106781186548	0.707106781186548	1.58113883008419	2.54950975679639	2.12132034355964	1.58113883008419	1.58113883008419	2.12132034355964	2.91547594742265	2.91547594742265	2.54950975679639	2.54950975679639	2.91547594742265	3.53553390593274	3.80788655293195	3.53553390593274	3.53553390593274	3.80788655293195	4.30116263352131
2.54950975679639	1.58113883008419	0.707106781186548	0.707106781186548	1.58113883008419	2.54950975679639	1.58113883008419	0.707106781186548	0.707106781186548	1.58113883008419	2.91547594742265	2.12132034355964	1.58113883008419	1.58113883008419	2.12132034355964	3.53553390593274	2.91547594742265	2.54950975679639	2.54950975679639	2.91547594742265	4.30116263352131	3.80788655293195	3.53553390593274	3.53553390593274	3.80788655293195
3.53553390593274	2.54950975679639	1.58113883008419	0.707106781186548	0.707106781186548	3.53553390593274	2.54950975679639	1.58113883008419	0.707106781186548	0.707106781186548	3.80788655293195	2.91547594742265	2.12132034355964	1.58113883008419	1.58113883008419	4.30116263352131	3.53553390593274	2.91547594742265	2.54950975679639	2.54950975679639	4.94974746830583	4.30116263352131	3.80788655293195	3.53553390593274	3.53553390593274
4.52769256906871	3.53553390593274	2.54950975679639	1.58113883008419	0.707106781186548	4.52769256906871	3.53553390593274	2.54950975679639	1.58113883008419	0.707106781186548	4.74341649025257	3.80788655293195	2.91547594742265	2.12132034355964	1.58113883008419	5.1478150704935	4.30116263352131	3.53553390593274	2.91547594742265	2.54950975679639	5.70087712549569	4.94974746830583	4.30116263352131	3.80788655293195	3.53553390593274
1.58113883008419	2.12132034355964	2.91547594742265	3.80788655293195	4.74341649025257	0.707106781186548	1.58113883008419	2.54950975679639	3.53553390593274	4.52769256906871	0.707106781186548	1.58113883008419	2.54950975679639	3.53553390593274	4.52769256906871	1.58113883008419	2.12132034355964	2.91547594742265	3.80788655293195	4.74341649025257	2.54950975679639	2.91547594742265	3.53553390593274	4.30116263352131	5.1478150704935
1.58113883008419	1.58113883008419	2.12132034355964	2.91547594742265	3.80788655293195	0.707106781186548	0.707106781186548	1.58113883008419	2.54950975679639	3.53553390593274	0.707106781186548	0.707106781186548	1.58113883008419	2.54950975679639	3.53553390593274	1.58113883008419	1.58113883008419	2.12132034355964	2.91547594742265	3.80788655293195	2.54950975679639	2.54950975679639	2.91547594742265	3.53553390593274	4.30116263352131
2.12132034355964	1.58113883008419	1.58113883008419	2.12132034355964	2.91547594742265	1.58113883008419	0.707106781186548	0.707106781186548	1.58113883008419	2.54950975679639	1.58113883008419	0.707106781186548	0.707106781186548	1.58113883008419	2.54950975679639	2.12132034355964	1.58113883008419	1.58113883008419	2.12132034355964	2.91547594742265	2.91547594742265	2.54950975679639	2.54950975679639	2.91547594742265	3.53553390593274
2.91547594742265	2.12132034355964	1.58113883008419	1.58113883008419	2.12132034355964	2.54950975679639	1.58113883008419	0.707106781186548	0.707106781186548	1.58113883008419	2.54950975679639	1.58113883008419	0.707106781186548	0.707106781186548	1.58113883008419	2.91547594742265	2.12132034355964	1.58113883008419	1.58113883008419	2.12132034355964	3.53553390593274	2.91547594742265	2.54950975679639	2.54950975679639	2.91547594742265
3.80788655293195	2.91547594742265	2.12132034355964	1.58113883008419	1.58113883008419	3.53553390593274	2.54950975679639	1.58113883008419	0.707106781186548	0.707106781186548	3.53553390593274	2.54950975679639	1.58113883008419	0.707106781186548	0.707106781186548	3.80788655293195	2.91547594742265	2.12132034355964	1.58113883008419	1.58113883008419	4.30116263352131	3.53553390593274	2.91547594742265	2.54950975679639	2.54950975679639
4.74341649025257	3.80788655293195	2.91547594742265	2.12132034355964	1.58113883008419	4.52769256906871	3.53553390593274	2.54950975679639	1.58113883008419	0.707106781186548	4.52769256906871	3.53553390593274	2.54950975679639	1.58113883008419	0.707106781186548	4.74341649025257	3.80788655293195	2.91547594742265	2.12132034355964	1.58113883008419	5.1478150704935	4.30116263352131	3.53553390593274	2.91547594742265	2.54950975679639
2.54950975679639	2.91547594742265	3.53553390593274	4.30116263352131	5.1478150704935	1.58113883008419	2.12132034355964	2.91547594742265	3.80788655293195	4.74341649025257	0.707106781186548	1.58113883008419	2.54950975679639	3.53553390593274	4.52769256906871	0.707106781186548	1.58113883008419	2.54950975679639	3.53553390593274	4.52769256906871	1.58113883008419	2.12132034355964	2.91547594742265	3.80788655293195	4.74341649025257
2.54950975679639	2.54950975679639	2.91547594742265	3.53553390593274	4.30116263352131	1.58113883008419	1.58113883008419	2.12132034355964	2.91547594742265	3.80788655293195	0.707106781186548	0.707106781186548	1.58113883008419	2.54950975679639	3.53553390593274	0.707106781186548	0.707106781186548	1.58113883008419	2.54950975679639	3.53553390593274	1.58113883008419	1.58113883008419	2.12132034355964	2.91547594742265	3.80788655293195
2.91547594742265	2.54950975679639	2.54950975679639	2.91547594742265	3.53553390593274	2.12132034355964	1.58113883008419	1.58113883008419	2.12132034355964	2.91547594742265	1.58113883008419	0.707106781186548	0.707106781186548	1.58113883008419	2.54950975679639	1.58113883008419	0.707106781186548	0.707106781186548	1.58113883008419	2.54950975679639	2.12132034355964	1.58113883008419	1.58113883008419	2.12132034355964	2.91547594742265
3.53553390593274	2.91547594742265	2.54950975679639	2.54950975679639	2.91547594742265	2.91547594742265	2.12132034355964	1.58113883008419	1.58113883008419	2.12132034355964	2.54950975679639	1.58113883008419	0.707106781186548	0.707106781186548	1.58113883008419	2.54950975679639	1.58113883008419	0.707106781186548	0.707106781186548	1.58113883008419	2.91547594742265	2.12132034355964	1.58113883008419	1.58113883008419	2.12132034355964
4.30116263352131	3.53553390593274	2.91547594742265	2.54950975679639	2.54950975679639	3.80788655293195	2.91547594742265	2.12132034355964	1.58113883008419	1.58113883008419	3.53553390593274	2.54950975679639	1.58113883008419	0.707106781186548	0.707106781186548	3.53553390593274	2.54950975679639	1.58113883008419	0.707106781186548	0.707106781186548	3.80788655293195	2.91547594742265	2.12132034355964	1.58113883008419	1.58113883008419
5.1478150704935	4.30116263352131	3.53553390593274	2.91547594742265	2.54950975679639	4.74341649025257	3.80788655293195	2.91547594742265	2.12132034355964	1.58113883008419	4.52769256906871	3.53553390593274	2.54950975679639	1.58113883008419	0.707106781186548	4.52769256906871	3.53553390593274	2.54950975679639	1.58113883008419	0.707106781186548	4.74341649025257	3.80788655293195	2.91547594742265	2.12132034355964	1.58113883008419
3.53553390593274	3.80788655293195	4.30116263352131	4.94974746830583	5.70087712549569	2.54950975679639	2.91547594742265	3.53553390593274	4.30116263352131	5.1478150704935	1.58113883008419	2.12132034355964	2.91547594742265	3.80788655293195	4.74341649025257	0.707106781186548	1.58113883008419	2.54950975679639	3.53553390593274	4.52769256906871	0.707106781186548	1.58113883008419	2.54950975679639	3.53553390593274	4.52769256906871
3.53553390593274	3.53553390593274	3.80788655293195	4.30116263352131	4.94974746830583	2.54950975679639	2.54950975679639	2.91547594742265	3.53553390593274	4.30116263352131	1.58113883008419	1.58113883008419	2.12132034355964	2.91547594742265	3.80788655293195	0.707106781186548	0.707106781186548	1.58113883008419	2.54950975679639	3.53553390593274	0.707106781186548	0.707106781186548	1.58113883008419	2.54950975679639	3.53553390593274
3.80788655293195	3.53553390593274	3.53553390593274	3.80788655293195	4.30116263352131	2.91547594742265	2.54950975679639	2.54950975679639	2.91547594742265	3.53553390593274	2.12132034355964	1.58113883008419	1.58113883008419	2.12132034355964	2.91547594742265	1.58113883008419	0.707106781186548	0.707106781186548	1.58113883008419	2.54950975679639	1.58113883008419	0.707106781186548	0.707106781186548	1.58113883008419	2.54950975679639
4.30116263352131	3.80788655293195	3.53553390593274	3.53553390593274	3.80788655293195	3.53553390593274	2.91547594742265	2.54950975679639	2.54950975679639	2.91547594742265	2.91547594742265	2.12132034355964	1.58113883008419	1.58113883008419	2.12132034355964	2.54950975679639	1.58113883008419	0.707106781186548	0.707106781186548	1.58113883008419	2.54950975679639	1.58113883008419	0.707106781186548	0.707106781186548	1.58113883008419
4.94974746830583	4.30116263352131	3.80788655293195	3.53553390593274	3.53553390593274	4.30116263352131	3.53553390593274	2.91547594742265	2.54950975679639	2.54950975679639	3.80788655293195	2.91547594742265	2.12132034355964	1.58113883008419	1.58113883008419	3.53553390593274	2.54950975679639	1.58113883008419	0.707106781186548	0.707106781186548	3.53553390593274	2.54950975679639	1.58113883008419	0.707106781186548	0.707106781186548
5.70087712549569	4.94974746830583	4.30116263352131	3.80788655293195	3.53553390593274	5.1478150704935	4.30116263352131	3.53553390593274	2.91547594742265	2.54950975679639	4.74341649025257	3.80788655293195	2.91547594742265	2.12132034355964	1.58113883008419	4.52769256906871	3.53553390593274	2.54950975679639	1.58113883008419	0.707106781186548	4.52769256906871	3.53553390593274	2.54950975679639	1.58113883008419	0.707106781186548
4.52769256906871	4.74341649025257	5.1478150704935	5.70087712549569	6.36396103067893	3.53553390593274	3.80788655293195	4.30116263352131	4.94974746830583	5.70087712549569	2.54950975679639	2.91547594742265	3.53553390593274	4.30116263352131	5.1478150704935	1.58113883008419	2.12132034355964	2.91547594742265	3.80788655293195	4.74341649025257	0.707106781186548	1.58113883008419	2.54950975679639	3.53553390593274	4.52769256906871
4.52769256906871	4.52769256906871	4.74341649025257	5.1478150704935	5.70087712549569	3.53553390593274	3.53553390593274	3.80788655293195	4.30116263352131	4.94974746830583	2.54950975679639	2.54950975679639	2.91547594742265	3.53553390593274	4.30116263352131	1.58113883008419	1.58113883008419	2.12132034355964	2.91547594742265	3.80788655293195	0.707106781186548	0.707106781186548	1.58113883008419	2.54950975679639	3.53553390593274
4.74341649025257	4.52769256906871	4.52769256906871	4.74341649025257	5.1478150704935	3.80788655293195	3.53553390593274	3.53553390593274	3.80788655293195	4.30116263352131	2.91547594742265	2.54950975679639	2.54950975679639	2.91547594742265	3.53553390593274	2.12132034355964	1.58113883008419	1.58113883008419	2.12132034355964	2.91547594742265	1.58113883008419	0.707106781186548	0.707106781186548	1.58113883008419	2.54950975679639
5.1478150704935	4.74341649025257	4.52769256906871	4.52769256906871	4.74341649025257	4.30116263352131	3.80788655293195	3.53553390593274	3.53553390593274	3.80788655293195	3.53553390593274	2.91547594742265	2.54950975679639	2.54950975679639	2.91547594742265	2.91547594742265	2.12132034355964	1.58113883008419	1.58113883008419	2.12132034355964	2.54950975679639	1.58113883008419	0.707106781186548	0.707106781186548	1.58113883008419
5.70087712549569	5.1478150704935	4.74341649025257	4.52769256906871	4.52769256906871	4.94974746830583	4.30116263352131	3.80788655293195	3.53553390593274	3.53553390593274	4.30116263352131	3.53553390593274	2.91547594742265	2.54950975679639	2.54950975679639	3.80788655293195	2.91547594742265	2.12132034355964	1.58113883008419	1.58113883008419	3.53553390593274	2.54950975679639	1.58113883008419	0.707106781186548	0.707106781186548
6.36396103067893	5.70087712549569	5.1478150704935	4.74341649025257	4.52769256906871	5.70087712549569	4.94974746830583	4.30116263352131	3.80788655293195	3.53553390593274	5.1478150704935	4.30116263352131	3.53553390593274	2.91547594742265	2.54950975679639	4.74341649025257	3.80788655293195	2.91547594742265	2.12132034355964	1.58113883008419	4.52769256906871	3.53553390593274	2.54950975679639	1.58113883008419	0.707106781186548
